\begin{tabular}{lrrrrrrrr}
\toprule
{} &  nb &  knn &  dt &  svm &  voting &  bag &  rf &  ada \\
\midrule
nb     &   0 &   45 &  24 &   21 &      12 &   15 &  17 &   15 \\
knn    &  45 &    0 &  22 &   21 &      11 &   17 &  17 &   17 \\
dt     &  24 &   22 &   0 &   24 &      12 &    7 &   7 &   18 \\
svm    &  21 &   21 &  24 &    0 &      20 &   19 &  19 &   16 \\
voting &  12 &   11 &  12 &   20 &       0 &   11 &  12 &   17 \\
bag    &  15 &   17 &   7 &   19 &      11 &    0 &   9 &   16 \\
rf     &  17 &   17 &   7 &   19 &      12 &    9 &   0 &   19 \\
ada    &  15 &   17 &  18 &   16 &      17 &   16 &  19 &    0 \\
\bottomrule
\end{tabular}
