\begin{tabular}{lrrrrrrrr}
\toprule
{} &  nb &  knn &  dt &  svm &  voting &  bag &  rf &  ada \\
\midrule
nb     &   0 &   45 &  39 &   21 &      12 &   18 &  15 &   15 \\
knn    &  45 &    0 &  37 &   21 &      11 &   18 &  16 &   17 \\
dt     &  39 &   37 &   0 &   26 &      14 &   14 &   8 &   13 \\
svm    &  21 &   21 &  26 &    0 &      26 &   23 &  17 &   16 \\
voting &  12 &   11 &  14 &   26 &       0 &   17 &  13 &   16 \\
bag    &  18 &   18 &  14 &   23 &      17 &    0 &   9 &   17 \\
rf     &  15 &   16 &   8 &   17 &      13 &    9 &   0 &   14 \\
ada    &  15 &   17 &  13 &   16 &      16 &   17 &  14 &    0 \\
\bottomrule
\end{tabular}
