\begin{tabular}{lrrrrrrrr}
\toprule
{} &  nb &  knn &  dt &  svm &  voting &  bag &  rf &  ada \\
\midrule
nb     &   0 &   39 &  28 &   22 &      15 &   21 &  21 &   17 \\
knn    &  39 &    0 &  21 &   20 &       8 &   19 &  16 &   15 \\
dt     &  28 &   21 &   0 &   24 &      13 &    8 &   8 &   18 \\
svm    &  22 &   20 &  24 &    0 &      18 &   22 &  19 &   16 \\
voting &  15 &    8 &  13 &   18 &       0 &   13 &  11 &   15 \\
bag    &  21 &   19 &   8 &   22 &      13 &    0 &   7 &   17 \\
rf     &  21 &   16 &   8 &   19 &      11 &    7 &   0 &   16 \\
ada    &  17 &   15 &  18 &   16 &      15 &   17 &  16 &    0 \\
\bottomrule
\end{tabular}
